Multiple size <= 100
TEST 1 ARG:98 23 83 7 73 67 29 63 4 39 19 15 81 16 71 2 12 40 85 77 25 65 72 50 14 46 78 54 3 90 52 36 17 35 94 20 34 47 49 68 6 89 55 8 11 79 61 48 70 1 30 53 27 86 33 10 41 0 44 18 5 88 64 69 37 43 28 93 26 99 59 87 76 95 32 75 58 9 24 97 31 62 66 60 21 56 13 84 96 92 80 82 91 42 74 38 51 45 22 57
TEST 2 ARG:14 0 22 58 72 5 20 30 32 96 89 85 48 86 81 37 61 24 95 23 80 39 83 11 49 36 73 91 97 40 87 17 79 3 1 88 7 60 44 8 76 28 78 41 13 12 53 2 19 25 63 27 74 77 21 10 75 57 43 84 94 66 62 15 69 6 82 90 50 38 47 68 99 45 65 16 64 42 29 55 33 35 67 92 51 4 56 98 93 71 52 70 31 26 54 18 46 34 9 59
TEST 3 ARG:62 14 52 10 87 40 53 72 33 15 21 7 86 26 82 17 68 54 73 32 36 88 23 41 65 90 95 9 69 57 5 19 61 96 16 89 24 71 48 2 94 25 92 6 77 78 97 49 4 70 83 27 59 81 67 38 37 93 51 11 42 31 79 29 44 1 18 35 98 28 85 64 34 63 45 22 20 50 13 84 56 75 66 8 12 0 3 43 39 76 60 30 74 46 58 80 91 55 47 99
TEST 4 ARG:4 77 22 92 36 46 70 55 52 39 23 8 64 48 98 41 21 54 71 63 86 58 73 51 60 11 34 78 2 91 79 32 3 37 5 50 33 19 62 83 76 17 25 85 40 49 28 87 67 27 99 15 14 74 12 88 84 89 16 13 68 65 75 6 95 61 57 82 0 35 72 97 18 29 24 10 94 31 30 44 7 81 53 56 90 69 66 47 38 42 80 20 45 1 9 59 93 26 43 96
TEST 5 ARG:87 9 80 68 72 65 5 41 1 35 37 49 7 30 89 55 29 70 97 34 60 2 13 56 11 99 71 22 73 42 17 64 96 32 52 59 44 36 43 3 92 24 47 26 46 88 69 39 14 25 98 38 33 40 28 58 95 23 82 61 53 63 93 8 77 85 54 27 21 15 45 6 94 10 79 66 78 74 76 20 4 51 0 67 83 91 19 75 31 62 12 84 90 18 16 50 57 81 48 86
TEST 6 ARG:59 10 70 71 34 86 68 76 61 72 77 28 65 29 27 41 46 97 53 15 75 20 40 1 22 8 18 25 26 30 67 64 83 13 33 87 80 17 88 85 63 43 81 91 54 95 99 74 4 57 69 58 89 49 32 90 66 79 5 11 60 24 3 19 52 6 23 14 48 45 42 82 37 55 92 47 31 35 93 98 84 44 51 94 36 78 56 38 0 9 16 73 21 96 7 50 12 2 62 39
TEST 7 ARG:64 90 89 24 84 87 63 37 79 70 26 9 34 72 65 19 75 91 53 86 0 50 93 94 76 40 5 82 99 23 92 28 85 45 74 22 32 47 59 88 62 78 61 77 42 36 17 11 66 49 1 96 83 73 81 38 20 2 15 95 7 14 12 16 39 44 13 43 27 57 58 52 18 30 56 67 80 41 68 48 55 51 10 33 98 29 31 60 46 6 21 8 25 71 69 4 3 35 54 97
TEST 8 ARG:62 89 96 12 59 30 37 25 74 72 4 97 5 1 78 8 94 53 65 92 85 41 46 15 55 43 50 60 66 99 91 18 16 49 23 98 64 10 79 0 35 57 6 76 54 58 29 27 26 80 67 73 61 9 93 90 28 82 71 31 24 86 13 47 75 77 20 21 87 7 81 11 3 22 38 33 36 68 2 69 88 44 17 45 42 40 14 51 83 84 52 95 34 56 39 32 63 70 19 48
TEST 9 ARG:25 58 19 88 43 72 35 78 94 97 64 20 34 18 71 95 14 39 41 10 32 82 31 9 74 24 89 68 93 42 85 66 55 60 28 75 77 17 8 69 37 61 62 40 51 33 49 83 36 52 54 92 4 87 0 7 13 46 21 6 67 57 30 96 3 47 23 38 16 1 53 84 70 29 99 56 11 59 90 65 22 15 5 73 44 12 79 80 91 76 45 98 86 63 27 26 2 81 50 48
TEST 10 ARG:78 24 36 1 84 5 65 17 99 76 30 42 70 79 83 29 51 49 90 81 71 32 4 91 77 55 8 18 44 14 62 27 11 13 22 6 98 59 92 9 69 3 21 96 48 16 35 0 25 95 12 38 19 94 60 89 64 33 26 7 88 97 23 53 67 68 61 85 41 20 87 58 63 28 52 43 37 46 31 74 86 34 75 39 40 47 57 10 66 54 56 80 2 72 73 93 82 45 50 15
TEST 11 ARG:4 63 14 46 67 28 97 24 60 90 48 77 10 61 27 3 66 21 93 56 37 91 57 1 38 15 94 85 78 49 32 53 82 58 5 39 44 22 79 74 43 95 76 69 20 18 30 12 62 7 59 6 17 51 42 50 86 81 16 29 11 23 72 8 71 35 25 55 9 45 19 75 98 26 31 0 65 83 96 13 68 33 41 99 84 52 2 70 34 80 73 88 40 54 47 64 87 36 92 89
TEST 12 ARG:44 83 81 34 68 28 23 24 82 35 31 93 36 56 32 76 26 48 73 57 92 12 78 39 77 66 96 49 65 63 61 52 16 54 33 91 50 4 8 64 19 15 27 20 11 60 9 10 41 74 22 1 71 7 62 0 13 43 94 58 88 53 99 40 70 75 46 2 98 72 21 37 29 67 45 38 6 97 55 89 80 5 3 18 90 14 25 17 30 51 69 42 79 95 87 84 86 59 85 47
TEST 13 ARG:22 84 11 54 98 16 87 50 92 39 40 9 32 75 81 35 52 3 70 91 47 66 10 95 41 24 90 85 38 56 23 14 30 76 97 69 63 15 6 68 51 73 37 7 43 2 96 62 26 74 21 58 53 77 44 13 1 64 46 29 65 36 34 67 33 55 79 28 78 48 86 19 71 61 4 25 83 18 8 82 31 5 89 27 12 57 72 59 60 0 20 45 93 80 94 99 88 42 17 49
TEST 14 ARG:36 86 96 56 54 59 44 94 40 55 98 27 42 46 84 80 3 28 50 49 29 48 71 17 33 81 99 60 12 74 15 63 35 82 93 68 37 32 69 14 21 22 89 41 45 25 39 53 6 7 67 85 43 64 92 13 52 11 75 65 8 79 90 23 70 4 26 18 1 72 20 61 5 91 38 78 58 30 19 83 97 47 31 24 51 87 2 10 16 77 57 88 9 95 73 62 34 0 76 66
TEST 15 ARG:40 17 55 16 70 74 12 79 65 72 21 71 30 31 87 46 11 98 27 89 43 64 44 69 28 18 85 68 38 94 48 56 62 95 73 10 52 15 22 58 78 57 2 81 14 47 92 88 90 6 84 36 33 75 9 24 26 49 54 23 60 45 35 91 82 1 61 86 13 20 83 8 29 41 66 96 0 63 50 39 32 51 77 25 93 53 4 19 59 3 67 5 76 99 7 80 34 42 37 97
TEST 16 ARG:77 32 85 20 76 69 27 41 73 46 72 59 8 33 68 44 92 28 70 1 54 60 62 95 23 51 17 96 86 43 0 66 18 3 97 19 5 61 81 13 98 65 24 45 55 53 11 83 47 50 84 64 63 36 15 80 26 9 74 82 67 58 14 78 75 87 48 57 89 38 16 31 56 39 22 79 35 21 6 94 25 2 88 37 12 49 30 40 34 52 42 10 29 7 4 93 90 91 71 99
TEST 17 ARG:61 4 24 78 42 14 15 10 47 60 77 76 52 12 88 74 69 71 48 41 5 31 67 80 73 36 63 65 98 40 54 30 11 75 66 29 93 96 84 72 68 33 58 89 39 95 43 79 49 25 97 16 1 7 56 38 28 83 22 19 20 35 91 46 87 55 64 18 57 37 27 21 59 34 17 94 81 53 92 2 44 3 0 50 26 99 9 86 32 45 70 62 8 85 90 23 13 82 51 6
TEST 18 ARG:26 72 94 15 81 42 32 57 85 39 91 56 24 92 97 60 16 19 14 2 5 37 21 1 58 82 49 38 52 7 29 55 76 46 69 30 48 51 8 65 23 95 70 33 62 47 18 41 50 83 43 89 17 96 86 71 22 36 25 74 31 27 75 79 59 67 63 28 45 73 80 84 53 77 10 87 9 40 88 66 0 44 61 34 93 68 20 99 98 11 4 78 35 54 3 6 13 64 90 12
TEST 19 ARG:29 34 61 78 16 75 67 32 60 33 70 18 20 57 43 98 27 25 13 41 48 30 5 77 28 74 79 81 3 88 64 35 19 24 47 46 31 62 2 58 15 86 44 4 96 72 87 94 21 65 93 56 71 91 99 89 68 8 59 38 80 92 63 17 40 97 73 90 84 23 9 82 49 69 7 54 95 26 1 0 36 85 14 37 51 50 66 12 53 10 11 22 83 76 45 6 52 55 42 39
TEST 20 ARG:80 29 47 27 85 15 95 19 58 24 18 5 13 1 63 4 74 60 0 6 38 84 8 45 82 37 56 94 14 71 55 53 86 96 32 34 52 81 44 3 7 9 92 98 31 93 77 20 22 23 88 69 90 46 97 49 61 43 75 2 83 76 78 16 30 99 89 87 17 54 66 36 42 41 59 12 68 50 51 67 48 72 28 11 10 33 73 62 57 91 70 40 21 65 64 26 25 79 39 35
TEST 21 ARG:33 48 96 53 70 5 55 63 13 23 38 41 36 98 87 2 25 4 15 54 88 80 58 79 62 29 59 73 71 8 61 77 68 12 97 44 52 51 89 26 16 22 24 35 92 78 72 65 49 83 3 69 17 47 43 39 86 18 56 76 20 37 31 94 10 84 93 90 9 99 6 82 60 67 0 30 32 74 85 40 91 64 27 11 50 81 66 28 75 46 7 45 95 14 57 1 34 42 21 19
TEST 22 ARG:69 88 54 25 65 70 64 44 40 9 43 50 15 13 37 85 36 23 31 83 46 67 51 26 87 48 84 30 93 76 53 21 90 3 33 18 91 79 8 72 47 24 73 22 58 52 27 96 63 49 4 77 61 35 55 28 41 39 38 5 29 1 34 11 20 14 17 60 62 42 57 97 81 16 0 6 98 89 7 68 75 86 12 56 19 80 66 71 45 10 32 59 99 92 94 95 74 78 82 2
TEST 23 ARG:53 3 89 91 5 73 10 62 1 28 65 92 2 27 18 29 70 69 56 61 95 77 35 66 81 20 23 0 39 59 98 54 40 93 21 75 22 17 52 34 51 31 46 68 24 96 74 30 32 9 4 97 90 25 50 7 11 45 41 99 16 26 58 88 94 15 84 78 64 33 85 55 63 42 37 87 44 47 12 19 49 14 38 79 76 36 57 48 6 82 67 80 13 83 86 72 8 43 71 60
TEST 24 ARG:40 91 86 20 33 97 90 10 64 59 25 98 88 54 34 77 21 57 80 41 35 55 28 31 15 89 51 8 67 13 49 85 5 52 79 69 95 6 63 27 66 24 99 53 56 83 73 58 36 92 60 76 3 70 19 45 72 48 11 94 38 84 78 37 4 43 18 71 30 62 26 50 46 7 0 61 82 87 81 96 75 17 47 44 1 16 29 74 12 9 2 42 14 68 65 22 23 32 39 93
TEST 25 ARG:24 56 74 61 81 36 82 15 34 46 18 92 51 68 50 62 66 30 67 2 73 28 14 60 5 80 48 72 26 65 20 32 84 88 94 93 99 79 64 8 3 37 87 45 31 39 98 70 85 90 44 69 27 33 41 95 57 89 77 63 16 17 40 71 52 83 75 12 6 96 7 10 19 1 55 91 9 43 21 23 22 38 49 58 53 47 11 59 4 76 0 35 42 78 97 86 29 13 54 25
TEST 26 ARG:26 44 61 20 78 89 73 82 22 58 50 4 72 64 67 75 46 92 45 99 90 21 57 51 91 11 15 27 86 16 83 66 6 5 2 52 62 87 55 74 31 94 88 54 56 71 0 95 43 33 19 24 80 76 68 30 13 59 60 34 63 84 9 36 12 35 96 38 41 8 29 7 28 48 14 10 25 1 65 53 18 32 77 93 49 47 17 85 42 3 40 23 69 98 79 81 37 39 97 70
TEST 27 ARG:96 61 22 35 47 48 0 43 49 74 67 18 13 6 4 2 86 50 56 63 23 82 80 31 28 30 38 24 1 94 72 81 20 77 78 21 51 42 95 40 12 91 44 55 19 97 90 92 83 26 36 34 60 5 16 29 3 62 37 54 45 53 88 39 98 89 52 69 64 7 79 66 8 76 15 33 9 93 84 11 58 87 46 73 65 17 27 14 59 85 10 25 99 75 57 71 41 70 68 32
TEST 28 ARG:5 22 74 21 9 84 78 88 42 99 75 76 89 56 50 33 87 31 59 69 85 90 30 13 40 94 71 23 92 81 34 86 80 3 14 10 73 38 24 72 51 62 97 19 79 54 63 32 77 16 37 2 0 98 27 47 15 48 91 26 35 55 58 36 43 66 95 1 93 17 45 96 44 18 53 46 25 70 49 4 52 82 83 20 61 65 41 28 7 29 60 12 67 64 39 68 57 11 6 8
TEST 29 ARG:79 27 13 88 96 42 84 36 53 57 6 60 74 67 87 14 43 65 52 66 19 73 11 5 40 51 98 45 17 41 35 95 58 81 92 85 94 24 50 25 90 64 29 4 21 78 80 46 99 34 83 18 31 9 59 55 82 10 16 62 54 91 7 30 76 56 33 75 22 3 72 63 68 71 77 49 8 44 32 2 15 39 0 61 26 1 37 69 48 47 86 28 20 23 38 12 89 93 97 70
TEST 30 ARG:31 47 56 64 22 8 89 28 21 7 5 85 57 90 95 70 94 40 80 25 3 16 11 98 17 55 61 42 68 30 12 77 33 54 96 62 49 38 19 53 86 18 60 72 48 52 74 35 41 78 34 39 71 66 13 97 27 9 58 6 50 82 14 20 36 83 46 4 51 69 92 76 43 44 93 2 84 73 23 24 26 63 59 79 65 45 1 37 88 10 81 29 91 99 87 67 32 0 75 15
TEST 31 ARG:88 17 45 81 10 27 49 75 77 99 8 0 44 42 93 91 29 28 73 12 21 9 51 20 26 97 19 84 54 14 71 53 61 18 4 63 89 36 25 16 94 37 3 41 66 1 79 72 65 31 6 76 58 5 95 59 48 68 55 46 24 85 69 35 67 52 47 57 92 15 7 11 86 30 32 56 34 33 70 74 62 64 96 60 83 38 90 40 43 82 80 50 13 87 98 39 22 2 23 78
TEST 32 ARG:6 59 47 58 26 24 97 31 27 5 17 48 77 78 83 54 96 7 2 13 63 38 70 0 61 8 60 85 20 93 66 50 76 98 72 99 62 90 74 94 37 88 23 28 44 91 81 40 51 22 49 80 12 39 68 29 46 52 21 32 84 75 1 10 25 45 53 18 56 15 11 89 42 43 9 55 73 30 36 19 14 3 16 33 34 86 65 64 92 95 35 57 69 4 79 41 82 67 87 71
TEST 33 ARG:28 54 80 69 36 60 32 29 30 47 56 21 44 58 96 34 85 65 86 25 94 40 7 52 26 33 35 38 81 53 64 67 46 14 83 62 23 99 42 98 68 75 50 63 97 20 59 90 73 17 22 76 39 18 24 55 88 37 15 1 31 91 10 5 45 95 13 74 57 6 12 9 16 48 66 72 77 8 61 49 71 51 2 41 0 87 11 92 84 27 93 19 79 4 3 43 70 82 78 89
TEST 34 ARG:27 17 98 95 86 32 70 5 54 74 1 25 55 48 30 56 16 26 18 63 85 43 88 2 77 47 39 45 64 51 67 29 0 28 66 97 22 96 53 36 12 82 75 3 13 49 11 8 65 72 31 38 90 60 71 21 37 19 69 87 78 50 89 91 62 92 83 20 57 4 58 76 10 80 99 73 34 33 84 24 61 81 9 15 68 7 52 59 23 6 46 14 44 94 40 93 42 41 79 35
TEST 35 ARG:43 67 65 99 81 20 3 89 22 86 5 8 9 6 80 73 0 38 59 60 97 82 21 7 57 53 15 4 92 96 1 56 41 52 54 50 88 75 34 17 28 58 74 64 33 78 13 32 44 51 26 36 83 79 91 48 37 71 18 47 62 10 25 19 14 98 31 2 90 40 87 94 42 63 46 45 27 11 39 69 16 72 49 95 23 55 77 85 35 24 12 68 29 66 61 76 84 93 30 70
TEST 36 ARG:31 98 48 25 13 8 81 45 2 18 29 32 27 95 20 11 24 1 53 79 9 22 96 0 91 57 16 44 75 5 10 34 42 23 72 68 69 17 3 33 93 46 78 66 97 52 76 65 54 82 35 6 60 92 59 62 85 12 94 70 56 7 64 38 40 14 36 39 49 47 51 55 88 41 77 4 80 83 26 90 63 19 61 99 89 28 30 15 74 84 43 37 58 87 50 21 86 73 71 67
TEST 37 ARG:86 85 35 83 89 39 28 41 33 81 73 45 95 57 98 71 90 77 3 74 69 96 29 84 51 78 6 55 63 36 16 2 87 56 32 82 65 21 34 48 59 99 50 27 53 54 23 66 18 20 10 1 12 5 17 75 4 14 7 68 22 26 52 8 76 62 19 9 13 58 42 72 38 88 0 24 43 47 93 46 91 97 67 15 94 92 49 60 80 70 40 79 30 25 61 64 11 31 37 44
TEST 38 ARG:37 3 36 33 45 89 68 64 48 67 57 28 90 8 40 20 61 32 58 86 39 82 54 16 65 95 66 21 83 5 0 76 43 51 56 10 17 97 53 79 94 9 71 59 1 50 80 46 69 93 75 47 2 29 62 12 23 49 19 52 92 6 87 96 70 26 88 24 77 7 91 25 27 98 35 42 84 34 99 31 60 38 74 44 15 85 55 22 18 81 41 13 14 78 73 72 30 63 11 4
TEST 39 ARG:16 38 55 92 93 66 13 19 42 70 60 65 0 28 83 21 2 86 14 6 97 11 32 4 94 74 77 40 33 88 76 58 49 37 87 96 39 78 44 20 8 99 35 95 79 47 22 69 43 81 68 17 30 5 72 61 7 56 34 36 31 64 41 23 50 71 75 67 84 10 82 90 26 46 91 12 89 25 98 62 57 45 48 63 29 18 85 53 9 52 54 3 1 73 51 27 15 59 24 80
TEST 40 ARG:10 8 11 40 72 90 20 6 61 94 22 3 86 95 13 47 53 16 68 36 59 9 34 30 7 71 89 35 24 63 98 64 67 23 51 88 45 26 79 70 42 15 97 2 87 18 38 62 19 39 44 84 65 31 37 1 81 66 41 49 69 5 56 55 78 46 73 21 43 80 50 99 0 96 54 77 27 58 85 52 4 48 91 82 75 93 25 74 17 33 83 12 57 60 76 29 32 28 92 14
TEST 41 ARG:0 85 35 51 55 94 12 75 96 9 11 28 47 18 15 21 56 76 91 74 37 50 84 48 90 32 99 57 89 87 22 83 44 49 64 42 13 19 30 43 60 39 1 58 40 23 25 45 93 68 65 61 77 66 69 95 8 31 80 54 52 98 29 92 34 2 88 79 5 4 73 38 78 63 41 17 59 97 67 16 33 14 26 3 46 24 86 7 27 70 81 36 20 6 72 71 82 53 10 62
TEST 42 ARG:78 82 55 64 2 17 45 7 84 86 29 8 93 67 83 39 51 48 38 63 15 3 37 43 68 44 92 81 72 54 20 47 75 57 33 61 50 42 62 10 31 90 19 9 71 58 16 24 40 0 59 76 79 56 52 26 60 53 80 35 96 65 41 46 13 70 77 22 66 11 1 5 12 85 95 6 91 36 34 4 49 69 97 30 25 88 28 94 23 18 89 74 27 73 32 14 21 98 87 99
TEST 43 ARG:10 23 94 76 62 69 17 8 38 20 44 47 59 95 32 84 43 87 0 11 67 79 55 41 29 9 54 66 13 51 97 45 65 42 39 27 25 60 22 58 56 81 71 86 6 61 15 82 12 74 64 85 57 30 88 92 89 48 24 93 21 78 37 98 90 70 28 40 99 3 77 5 96 7 50 18 35 16 73 83 52 14 53 36 31 68 80 26 72 63 2 34 4 33 91 19 1 75 46 49
TEST 44 ARG:21 39 14 80 75 74 81 69 51 76 97 57 52 73 47 96 90 26 50 35 88 9 53 79 30 61 93 54 0 87 83 77 71 19 40 10 78 91 38 41 37 18 48 67 64 84 85 99 60 65 72 32 23 92 43 68 58 42 11 33 70 45 34 6 5 66 29 27 94 24 89 36 22 20 95 98 56 4 13 3 28 2 17 82 59 46 7 16 62 8 25 31 44 55 15 1 63 49 86 12
TEST 45 ARG:0 97 98 20 62 7 48 69 14 66 86 94 71 73 53 92 78 3 54 18 32 82 2 72 52 65 79 81 25 29 1 80 75 84 21 74 50 59 49 99 16 44 31 40 91 58 4 39 70 47 27 33 15 95 43 10 63 68 46 23 56 93 96 17 12 60 57 34 77 22 30 42 26 88 87 36 38 45 11 19 6 41 51 37 24 35 9 5 67 28 83 13 55 8 89 61 85 76 64 90
TEST 46 ARG:62 45 60 41 8 76 89 24 28 67 64 72 0 44 29 85 10 40 57 3 25 59 92 63 73 94 55 96 31 13 14 84 53 15 5 51 95 79 97 77 23 54 34 82 32 68 83 93 17 58 70 19 21 11 52 65 80 20 71 42 61 1 81 6 39 50 16 66 38 86 30 9 47 88 18 87 56 12 36 4 49 46 99 48 78 43 37 98 33 35 27 75 74 22 26 90 2 7 91 69
TEST 47 ARG:69 17 95 93 2 86 48 83 46 59 98 18 77 80 35 36 64 20 5 72 10 57 16 61 76 24 27 7 74 34 87 11 54 1 26 71 60 63 52 62 85 14 9 81 6 42 89 82 99 68 33 56 53 96 38 67 0 75 44 29 28 73 47 78 94 25 79 50 3 55 19 30 4 12 49 91 31 22 84 41 21 90 43 51 97 8 58 13 70 15 32 65 88 92 66 37 40 39 45 23
TEST 48 ARG:7 70 89 77 19 9 5 64 36 98 0 1 11 10 90 82 27 22 49 42 23 75 85 4 51 69 30 94 39 74 62 58 48 99 14 93 57 43 35 56 71 15 40 79 29 53 17 52 88 16 63 41 34 24 26 87 33 28 2 97 84 91 45 54 38 6 66 83 20 61 68 50 65 81 96 13 37 18 67 55 59 80 47 92 76 3 86 32 95 44 78 21 73 12 46 8 25 72 60 31
TEST 49 ARG:30 86 50 70 28 0 80 34 3 99 5 33 31 53 81 94 20 45 22 62 64 69 32 51 98 36 27 89 57 52 15 10 7 48 37 43 88 46 9 18 68 71 87 29 24 90 40 72 95 23 47 82 26 78 1 41 12 14 74 19 54 76 6 67 2 16 91 11 66 58 21 4 83 93 73 35 59 63 97 61 60 85 65 38 92 77 56 44 75 8 55 84 42 49 79 17 39 96 13 25
TEST 50 ARG:77 73 65 37 75 83 39 72 50 24 82 67 29 52 13 57 38 25 89 12 92 27 17 15 8 64 91 61 93 70 18 51 59 69 22 43 79 1 4 78 23 88 36 31 80 42 71 11 44 26 58 45 21 53 32 96 14 84 16 20 85 90 30 9 28 87 46 74 94 48 40 66 54 33 62 98 6 76 49 47 0 5 35 3 55 99 10 95 60 68 63 41 19 2 7 86 56 34 97 81
TEST 51 ARG:52 55 87 68 66 28 80 30 92 24 46 94 74 11 19 82 95 40 60 39 48 61 67 27 8 98 38 17 33 25 76 36 7 20 21 97 99 32 37 91 41 10 71 54 50 12 86 65 15 18 59 29 22 85 51 3 56 2 14 72 81 4 13 89 16 34 77 44 64 88 35 53 79 26 70 47 83 43 23 78 62 42 75 96 57 93 6 69 84 73 1 90 63 45 58 31 9 0 49 5
TEST 52 ARG:2 49 39 98 93 48 7 97 70 99 67 73 95 19 91 11 43 69 83 88 3 27 37 14 25 71 56 78 1 9 90 96 32 22 31 35 81 41 62 76 29 75 0 17 72 89 18 10 16 54 34 65 53 47 58 36 77 63 57 26 86 51 6 21 24 28 60 74 66 61 82 44 45 12 4 52 8 40 59 46 23 87 38 64 80 85 94 68 15 50 42 92 84 5 33 55 30 79 13 20
TEST 53 ARG:93 41 99 89 46 58 98 74 7 44 53 19 9 37 11 13 66 76 80 20 92 27 77 87 42 10 24 73 90 91 30 17 57 15 71 3 5 78 47 68 48 62 0 33 23 83 49 72 31 34 36 26 43 88 14 97 79 86 35 2 45 21 60 51 52 50 70 95 40 1 69 54 29 75 55 56 96 65 61 81 84 67 85 4 64 38 32 39 12 82 25 59 22 63 6 94 8 28 16 18
TEST 54 ARG:42 9 93 1 74 24 41 89 12 71 31 97 87 40 34 32 54 72 51 83 13 58 99 48 79 39 63 47 64 77 56 44 16 67 95 23 29 69 35 62 81 3 52 70 59 20 2 43 65 78 18 46 61 28 88 25 8 80 94 15 14 91 96 60 36 21 90 26 7 86 73 0 19 49 98 76 75 50 38 30 5 10 53 11 27 4 33 45 68 22 66 84 82 55 37 6 92 85 17 57
TEST 55 ARG:26 98 97 65 18 71 56 95 93 34 28 73 92 55 25 45 77 19 40 51 62 16 70 8 74 3 0 24 60 78 10 47 12 23 36 83 32 59 69 39 7 79 54 66 96 61 21 75 63 27 82 80 17 49 5 29 33 30 84 67 9 20 85 88 76 22 46 94 91 53 41 13 42 43 14 48 15 31 90 37 57 6 1 35 99 2 11 38 86 68 58 81 72 52 64 50 44 89 4 87
TEST 56 ARG:53 99 38 98 39 73 0 71 65 69 12 61 50 47 24 67 57 70 35 8 45 48 74 9 86 51 83 26 80 81 76 64 68 27 94 2 37 28 16 4 41 59 97 30 44 17 92 22 72 87 66 82 55 34 36 89 88 15 3 7 79 62 32 52 54 25 95 40 21 20 19 1 78 58 14 63 13 31 60 90 46 18 11 6 84 75 33 93 96 43 49 23 29 10 85 91 56 42 77 5
TEST 57 ARG:78 0 95 90 64 87 52 98 61 55 32 49 59 85 94 58 62 46 65 41 1 19 39 79 86 30 96 28 10 72 63 77 40 66 14 23 11 22 24 5 81 21 29 53 16 12 34 83 99 89 91 47 69 70 27 73 37 6 56 3 93 54 4 36 60 67 50 92 7 51 38 13 80 75 44 35 82 76 43 57 31 84 20 15 97 42 17 25 9 74 45 48 88 8 33 71 26 2 18 68
TEST 58 ARG:77 98 26 95 61 43 68 65 54 1 86 37 42 44 93 56 13 11 55 20 67 3 38 7 63 48 15 84 58 25 41 75 33 47 87 10 22 50 74 31 90 24 34 94 79 6 49 9 36 62 57 78 66 17 51 70 27 46 14 81 91 19 97 59 12 88 45 4 89 82 64 85 40 80 96 30 83 39 35 99 23 16 8 52 32 92 60 5 18 76 28 71 21 73 0 53 29 72 69 2
